# specify 1 workshop item id per line, ex:
# 494372396
# 441344649
584829444
546895198
584485539
539421606
546960020
675534589
768226993
666692962
568582691
545598325
623407870
596909949
610684558
2108034412
546209430
553729235
2109702467
2116771807
1581095271
557452835
546129401
620087103
1729517491
660785987
585785188
585784905
673213646
740534444
607037676
575312620
544634523
585892371
1250689005
1610992852
1706158299
573112415
638531198
2358346984
2119912231
2361070698
2361581082
2362094690
2367236946
610685973
2369115218
2374646287
658750477
2388212644
2390176322
2393403518
2396168642
1733859113
677348774
2419358790
2419328217
676401107
573808557
2360592869
587950516
543197560
1656744930
2371343567
822833735
632422201
2367654198
2480332402
1661746504
2481629213
1825774213
1715888034
2489629969
2499822344
564946744
1863153823
726131097
607068129
2597241334
1706307575
1205737264
717776752
1205737264
623144451
609890750
2650981989
1527267231
1093988320
2592514624
2772639290
2790708234
1594165422
2466681392
2572237218
584964611
641499246
546664071